event_id	statement_id	record_unit_id	page	field_id	field_position	visible_owner	visible_surface	master_card_id	relation_stems	relation_skeleton_de	portable_core_de	local_register_expansion_de	terminal_status
E002	H1-S001	H1	f10r	F001	2	WHOLE_BROAD_TOOTHED_RADIAL_FLOWERED_HERB	cthoor	MC158	OR	ANSATZ_AKTIVER_SATZ	den Ansatz bereitstellen	Vorbereitung	NONCLOSE
E003	H1-S001	H1	f10r	F001	3	WHOLE_BROAD_TOOTHED_RADIAL_FLOWERED_HERB	char	MC055	AR	VON_QUELLE	davon	davon	NONCLOSE
E007	H1-S001	H1	f10r	F001	7	WHOLE_BROAD_TOOTHED_RADIAL_FLOWERED_HERB	otytchol	MC069	OL|OT	WEITER_GLEICHER_FORTGANG + DANACH_NAECHSTER	Folgeteil	Folgeteil	NONCLOSE
E008	H1-S001	H1	f10r	F001	8	WHOLE_BROAD_TOOTHED_RADIAL_FLOWERED_HERB	oky	MC026	Y	DIES_AKTUELLER_POSTEN	einsetzen	einsetzen	NONCLOSE
E011	H1-S002	H1	f10r	F002	1	WHOLE_BROAD_TOOTHED_RADIAL_FLOWERED_HERB	qokchy	MC103	Y	DIES_AKTUELLER_POSTEN	den laufenden Posten einsetzen und weiterbearbeiten	weiterbearbeiten	NONCLOSE
E012	H1-S002	H1	f10r	F002	2	WHOLE_BROAD_TOOTHED_RADIAL_FLOWERED_HERB	qotchol	MC163	OL|OT	WEITER_GLEICHER_FORTGANG + DANACH_NAECHSTER	DANACH_WEITER	Folgegang	NONCLOSE
E013	H1-S002	H1	f10r	F002	3	WHOLE_BROAD_TOOTHED_RADIAL_FLOWERED_HERB	chol	MC153	OL	WEITER_GLEICHER_FORTGANG	weiter	weiter	NONCLOSE
E014	H1-S002	H1	f10r	F002	4	WHOLE_BROAD_TOOTHED_RADIAL_FLOWERED_HERB	cthy	MC161	Y	DIES_AKTUELLER_POSTEN	bereit	bereit	NONCLOSE
E015	H2-S001	H2	f10r	F003	1	WHOLE_BROAD_TOOTHED_RADIAL_FLOWERED_HERB	ycheor	MC075	OR|Y	ANSATZ_AKTIVER_SATZ + DIES_AKTUELLER_POSTEN	aktueller Auszugsansatz	Auszugsansatz	NONCLOSE
E016	H2-S001	H2	f10r	F003	2	WHOLE_BROAD_TOOTHED_RADIAL_FLOWERED_HERB	cthy	MC161	Y	DIES_AKTUELLER_POSTEN	bereit	bereit	NONCLOSE
E017	H2-S001	H2	f10r	F003	3	WHOLE_BROAD_TOOTHED_RADIAL_FLOWERED_HERB	chor	MC080	OR	ANSATZ_AKTIVER_SATZ	Ansatz	Ansatz	NONCLOSE
E019	H2-S001	H2	f10r	F003	5	WHOLE_BROAD_TOOTHED_RADIAL_FLOWERED_HERB	qoctholy	MC115	OL|OT|Y	WEITER_GLEICHER_FORTGANG + DANACH_NAECHSTER + DIES_AKTUELLER_POSTEN	den bereiten Folgeposten wählen	bereiter Folgeposten	NONCLOSE
E020	H2-S001	H2	f10r	F003	6	WHOLE_BROAD_TOOTHED_RADIAL_FLOWERED_HERB	dy	MC123	Y	DIES_AKTUELLER_POSTEN	dies	dies	NONCLOSE
E021	H2-S001	H2	f10r	F003	7	WHOLE_BROAD_TOOTHED_RADIAL_FLOWERED_HERB	chy	MC123	Y	DIES_AKTUELLER_POSTEN	dies	dies	NONCLOSE
E023	H2-S001	H2	f10r	F003	9	WHOLE_BROAD_TOOTHED_RADIAL_FLOWERED_HERB	shy	MC123	Y	DIES_AKTUELLER_POSTEN	dies	dies	NONCLOSE
E024	H2-S002	H2	f10r	F004	1	WHOLE_BROAD_TOOTHED_RADIAL_FLOWERED_HERB	qotchor	MC013	OT|OR	DANACH_NAECHSTER + ANSATZ_AKTIVER_SATZ	Folgeansatz	Folgeansatz	NONCLOSE
E025	H2-S002	H2	f10r	F004	2	WHOLE_BROAD_TOOTHED_RADIAL_FLOWERED_HERB	chor	MC080	OR	ANSATZ_AKTIVER_SATZ	Ansatz	Ansatz	NONCLOSE
E026	H2-S002	H2	f10r	F004	3	WHOLE_BROAD_TOOTHED_RADIAL_FLOWERED_HERB	otol	MC053	OL|OT	WEITER_GLEICHER_FORTGANG + DANACH_NAECHSTER	DANACH_WEITER	Fortgang	NONCLOSE
E027	H2-S002	H2	f10r	F004	4	WHOLE_BROAD_TOOTHED_RADIAL_FLOWERED_HERB	chol	MC153	OL	WEITER_GLEICHER_FORTGANG	weiter	weiter	NONCLOSE
E028	H2-S002	H2	f10r	F004	5	WHOLE_BROAD_TOOTHED_RADIAL_FLOWERED_HERB	cholor	MC157	OL|OR	WEITER_GLEICHER_FORTGANG + ANSATZ_AKTIVER_SATZ	derselbe Ansatz	derselbe Ansatz	NONCLOSE
E029	H2-S002	H2	f10r	F004	6	WHOLE_BROAD_TOOTHED_RADIAL_FLOWERED_HERB	chol	MC153	OL	WEITER_GLEICHER_FORTGANG	weiter	weiter	NONCLOSE
E031	H2-S002	H2	f10r	F004	8	WHOLE_BROAD_TOOTHED_RADIAL_FLOWERED_HERB	dar	MC055	AR	VON_QUELLE	davon	davon	NONCLOSE
E032	H2-S003	H2	f10r	F005	1	WHOLE_BROAD_TOOTHED_RADIAL_FLOWERED_HERB	oykchor	MC027	OR	ANSATZ_AKTIVER_SATZ	Gefäß für den Ansatz	Zubereitungsgefäß	NONCLOSE
E033	H2-S003	H2	f10r	F005	2	WHOLE_BROAD_TOOTHED_RADIAL_FLOWERED_HERB	shor	MC080	OR	ANSATZ_AKTIVER_SATZ	Ansatz	Ansatz	NONCLOSE
E034	H2-S003	H2	f10r	F005	3	WHOLE_BROAD_TOOTHED_RADIAL_FLOWERED_HERB	chor	MC080	OR	ANSATZ_AKTIVER_SATZ	Ansatz	Ansatz	NONCLOSE
E035	H2-S003	H2	f10r	F005	4	WHOLE_BROAD_TOOTHED_RADIAL_FLOWERED_HERB	chy	MC123	Y	DIES_AKTUELLER_POSTEN	dies	dies	NONCLOSE
E037	H2-S003	H2	f10r	F005	6	WHOLE_BROAD_TOOTHED_RADIAL_FLOWERED_HERB	dy	MC123	Y	DIES_AKTUELLER_POSTEN	dies	dies	NONCLOSE
E047	H3-S003	H3	f11r	F008	1	WHOLE_DENSE_BLUE_FLOWERED_CROWN_PLANT	dchol	MC142	OL	WEITER_GLEICHER_FORTGANG	vom vorigen Arbeitsgang nehmen	vom vorigen	NONCLOSE
E048	H3-S003	H3	f11r	F008	2	WHOLE_DENSE_BLUE_FLOWERED_CROWN_PLANT	chy	MC123	Y	DIES_AKTUELLER_POSTEN	dies	dies	NONCLOSE
E049	H3-S003	H3	f11r	F008	3	WHOLE_DENSE_BLUE_FLOWERED_CROWN_PLANT	kchy	MC117	Y	DIES_AKTUELLER_POSTEN	den laufenden Posten bearbeiten	Bearbeiten	NONCLOSE
E050	H3-S003	H3	f11r	F008	4	WHOLE_DENSE_BLUE_FLOWERED_CROWN_PLANT	dy	MC123	Y	DIES_AKTUELLER_POSTEN	dies	dies	NONCLOSE
E052	H3-S004	H3	f11r	F009	1	WHOLE_DENSE_BLUE_FLOWERED_CROWN_PLANT	qotchy	MC107	OT|Y	DANACH_NAECHSTER + DIES_AKTUELLER_POSTEN	zum nächsten Posten wechseln	nächster Posten	NONCLOSE
E053	H3-S004	H3	f11r	F009	2	WHOLE_DENSE_BLUE_FLOWERED_CROWN_PLANT	okchol	MC041	OL	WEITER_GLEICHER_FORTGANG	die Fortsetzung einsetzen	weiter einsetzen	NONCLOSE
E054	H3-S004	H3	f11r	F009	3	WHOLE_DENSE_BLUE_FLOWERED_CROWN_PLANT	cthy	MC161	Y	DIES_AKTUELLER_POSTEN	bereit	bereit	NONCLOSE
E055	H3-S004	H3	f11r	F009	4	WHOLE_DENSE_BLUE_FLOWERED_CROWN_PLANT	dy	MC123	Y	DIES_AKTUELLER_POSTEN	dies	dies	NONCLOSE
E058	H4-S001	H4	f55v	F010	3	WHOLE_BROAD_LEAF_PANICLED_PLANT_WITH_MNEMONIC_ROOT	ykain	MC047	Y	DIES_AKTUELLER_POSTEN	erste Portion	erste Portion	NONCLOSE
E059	H4-S001	H4	f55v	F010	4	WHOLE_BROAD_LEAF_PANICLED_PLANT_WITH_MNEMONIC_ROOT	ykan	MC148	Y	DIES_AKTUELLER_POSTEN	zweite Portion	zweite Portion	NONCLOSE
E062	H4-S002	H4	f55v	F011	2	WHOLE_BROAD_LEAF_PANICLED_PLANT_WITH_MNEMONIC_ROOT	chedy	MC074	Y	DIES_AKTUELLER_POSTEN	überführen	überführen	NONCLOSE
E064	H4-S003	H4	f55v	F012	1	WHOLE_BROAD_LEAF_PANICLED_PLANT_WITH_MNEMONIC_ROOT	ykaiin	MC170	Y	DIES_AKTUELLER_POSTEN	Sollportion	Sollportion	NONCLOSE
E065	H4-S003	H4	f55v	F012	2	WHOLE_BROAD_LEAF_PANICLED_PLANT_WITH_MNEMONIC_ROOT	cheoar	MC085	AR	VON_QUELLE	Auszug aus der Quelle	Quellauszug	NONCLOSE
E066	H4-S003	H4	f55v	F012	3	WHOLE_BROAD_LEAF_PANICLED_PLANT_WITH_MNEMONIC_ROOT	cheeky	MC032	Y	DIES_AKTUELLER_POSTEN	länger bearbeiten	länger bearbeiten	NONCLOSE
E067	H4-S003	H4	f55v	F012	4	WHOLE_BROAD_LEAF_PANICLED_PLANT_WITH_MNEMONIC_ROOT	oldy	MC019	OL	WEITER_GLEICHER_FORTGANG	fertig	fertig	TERMINAL
E069	H4-S004	H4	f55v	F013	2	WHOLE_BROAD_LEAF_PANICLED_PLANT_WITH_MNEMONIC_ROOT	okal	MC040	AL	ZU_ZIEL	dorthin einsetzen	dorthin einsetzen	NONCLOSE
E070	H4-S004	H4	f55v	F013	3	WHOLE_BROAD_LEAF_PANICLED_PLANT_WITH_MNEMONIC_ROOT	oltchy	MC021	OL|Y	WEITER_GLEICHER_FORTGANG + DIES_AKTUELLER_POSTEN	die laufende Bereitung fortsetzen	Folgebereitung	NONCLOSE
E071	H4-S004	H4	f55v	F013	4	WHOLE_BROAD_LEAF_PANICLED_PLANT_WITH_MNEMONIC_ROOT	or	MC080	OR	ANSATZ_AKTIVER_SATZ	Ansatz	Ansatz	NONCLOSE
E072	H4-S004	H4	f55v	F013	5	WHOLE_BROAD_LEAF_PANICLED_PLANT_WITH_MNEMONIC_ROOT	y	MC123	Y	DIES_AKTUELLER_POSTEN	dies	dies	NONCLOSE
E073	H4-S004	H4	f55v	F013	6	WHOLE_BROAD_LEAF_PANICLED_PLANT_WITH_MNEMONIC_ROOT	orain	MC072	OR	ANSATZ_AKTIVER_SATZ	Bereitungsanteil	Bereitungsanteil	NONCLOSE
E074	H5-S001	H5	f56r	F014	1	WHOLE_MULTIHEAD_SPINY_OR_EMBLEMATIC_HERB	chochor	MC125	OR	ANSATZ_AKTIVER_SATZ	Zugabeansatz	Zugabeansatz	NONCLOSE
E076	H5-S001	H5	f56r	F014	3	WHOLE_MULTIHEAD_SPINY_OR_EMBLEMATIC_HERB	chodaly	MC010	AL|Y	ZU_ZIEL + DIES_AKTUELLER_POSTEN	Zugabe am aktuellen Ziel	Zielzugabe	NONCLOSE
E079	H5-S001	H5	f56r	F015	2	WHOLE_MULTIHEAD_SPINY_OR_EMBLEMATIC_HERB	kchol	MC090	OL	WEITER_GLEICHER_FORTGANG	weiter bearbeiten	weiter bearbeiten	NONCLOSE
E080	H5-S001	H5	f56r	F015	3	WHOLE_MULTIHEAD_SPINY_OR_EMBLEMATIC_HERB	otchor	MC013	OT|OR	DANACH_NAECHSTER + ANSATZ_AKTIVER_SATZ	Folgeansatz	Folgeansatz	NONCLOSE
E081	H5-S001	H5	f56r	F015	4	WHOLE_MULTIHEAD_SPINY_OR_EMBLEMATIC_HERB	choky	MC026	Y	DIES_AKTUELLER_POSTEN	einsetzen	einsetzen	NONCLOSE
E082	H5-S001	H5	f56r	F015	5	WHOLE_MULTIHEAD_SPINY_OR_EMBLEMATIC_HERB	dal	MC154	AL	ZU_ZIEL	dorthin	dorthin	NONCLOSE
E083	H5-S002	H5	f56r	F016	1	WHOLE_MULTIHEAD_SPINY_OR_EMBLEMATIC_HERB	schol	MC142	OL	WEITER_GLEICHER_FORTGANG	vom vorigen Arbeitsgang nehmen	vom vorigen	NONCLOSE
E084	H5-S002	H5	f56r	F016	2	WHOLE_MULTIHEAD_SPINY_OR_EMBLEMATIC_HERB	choy	MC131	Y	DIES_AKTUELLER_POSTEN	aktuelle Zutat	Zugabeposten	NONCLOSE
E085	H5-S002	H5	f56r	F016	3	WHOLE_MULTIHEAD_SPINY_OR_EMBLEMATIC_HERB	choky	MC026	Y	DIES_AKTUELLER_POSTEN	einsetzen	einsetzen	NONCLOSE
E089	H5-S003	H5	f56r	F017	3	WHOLE_MULTIHEAD_SPINY_OR_EMBLEMATIC_HERB	kchey	MC122	Y	DIES_AKTUELLER_POSTEN	den laufenden Posten kurz bearbeiten	Kurzbearbeitung	NONCLOSE
E090	H5-S003	H5	f56r	F017	4	WHOLE_MULTIHEAD_SPINY_OR_EMBLEMATIC_HERB	qokokchy	MC015	Y	DIES_AKTUELLER_POSTEN	denselben Posten erneut einsetzen	erneut einsetzen	NONCLOSE
E091	H5-S004	H5	f56r	F018	1	WHOLE_MULTIHEAD_SPINY_OR_EMBLEMATIC_HERB	okchy	MC103	Y	DIES_AKTUELLER_POSTEN	den laufenden Posten einsetzen und weiterbearbeiten	weiterbearbeiten	NONCLOSE
E093	H5-S004	H5	f56r	F018	3	WHOLE_MULTIHEAD_SPINY_OR_EMBLEMATIC_HERB	kchal	MC077	AL	ZU_ZIEL	an der Zielstelle bearbeiten	Zielbearbeitung	NONCLOSE
E095	H5-S005	H5	f56r	F019	2	WHOLE_MULTIHEAD_SPINY_OR_EMBLEMATIC_HERB	chokchy	MC103	Y	DIES_AKTUELLER_POSTEN	den laufenden Posten einsetzen und weiterbearbeiten	weiterbearbeiten	NONCLOSE
E096	H5-S005	H5	f56r	F019	3	WHOLE_MULTIHEAD_SPINY_OR_EMBLEMATIC_HERB	kchoar	MC136	AR	VON_QUELLE	bearbeiteter Quellauszug	bearbeiteter Quellauszug	NONCLOSE
E098	H5-S006	H5	f56r	F020	1	WHOLE_MULTIHEAD_SPINY_OR_EMBLEMATIC_HERB	otchey	MC171	OT|Y	DANACH_NAECHSTER + DIES_AKTUELLER_POSTEN	das nächste	das nächste	NONCLOSE
E099	H5-S006	H5	f56r	F020	2	WHOLE_MULTIHEAD_SPINY_OR_EMBLEMATIC_HERB	keol	MC104	OL	WEITER_GLEICHER_FORTGANG	kurz weiterbearbeiten	kurz weiterbearbeiten	NONCLOSE
E104	B1-S002	B1	f81v	F022	3	gemeinsames zweireihiges Figuren-/Beckenfeld	okal	MC040	AL	ZU_ZIEL	dorthin einsetzen	dorthin einsetzen	NONCLOSE
E105	B1-S002	B1	f81v	F022	4	gemeinsames zweireihiges Figuren-/Beckenfeld	sar	MC055	AR	VON_QUELLE	davon	davon	NONCLOSE
E106	B1-S002	B1	f81v	F022	5	gemeinsames zweireihiges Figuren-/Beckenfeld	ol	MC153	OL	WEITER_GLEICHER_FORTGANG	weiter	weiter	NONCLOSE
E108	B1-S002	B1	f81v	F022	7	gemeinsames zweireihiges Figuren-/Beckenfeld	olkain	MC097	OL	WEITER_GLEICHER_FORTGANG	weiterer Anteil	weiterer Anteil	NONCLOSE
E109	B1-S002	B1	f81v	F022	8	gemeinsames zweireihiges Figuren-/Beckenfeld	al	MC154	AL	ZU_ZIEL	dorthin	dorthin	NONCLOSE
E110	B1-S002	B1	f81v	F022	9	gemeinsames zweireihiges Figuren-/Beckenfeld	ol	MC153	OL	WEITER_GLEICHER_FORTGANG	weiter	weiter	NONCLOSE
E111	B1-S002	B1	f81v	F022	10	gemeinsames zweireihiges Figuren-/Beckenfeld	rol	MC016	OL	WEITER_GLEICHER_FORTGANG	Anschluss	Anschluss	NONCLOSE
E113	B1-S002	B1	f81v	F023	1	gemeinsames zweireihiges Figuren-/Beckenfeld	olor	MC157	OL|OR	WEITER_GLEICHER_FORTGANG + ANSATZ_AKTIVER_SATZ	derselbe Ansatz	derselbe Ansatz	NONCLOSE
E114	B1-S002	B1	f81v	F023	2	gemeinsames zweireihiges Figuren-/Beckenfeld	ol	MC153	OL	WEITER_GLEICHER_FORTGANG	weiter	weiter	NONCLOSE
E115	B1-S002	B1	f81v	F023	3	gemeinsames zweireihiges Figuren-/Beckenfeld	sheckhal	MC058	AL	ZU_ZIEL	Kurze Zielpassage	Kurze Zielpassage	NONCLOSE
E117	B1-S002	B1	f81v	F023	5	gemeinsames zweireihiges Figuren-/Beckenfeld	qokeedal	MC096	AL	ZU_ZIEL	Langer Zieleinsatz	Langer Zieleinsatz	NONCLOSE
E119	B1-S002	B1	f81v	F023	7	gemeinsames zweireihiges Figuren-/Beckenfeld	chckhy	MC035	Y	DIES_AKTUELLER_POSTEN	durchleiten	durchleiten	NONCLOSE
E121	B1-S003	B1	f81v	F024	1	gemeinsames zweireihiges Figuren-/Beckenfeld	qol	MC153	OL	WEITER_GLEICHER_FORTGANG	weiter	weiter	NONCLOSE
E123	B1-S004	B1	f81v	F026	1	gemeinsames zweireihiges Figuren-/Beckenfeld	chedy	MC074	Y	DIES_AKTUELLER_POSTEN	überführen	überführen	NONCLOSE
E124	B1-S004	B1	f81v	F026	2	gemeinsames zweireihiges Figuren-/Beckenfeld	ol	MC153	OL	WEITER_GLEICHER_FORTGANG	weiter	weiter	NONCLOSE
E126	B1-S005	B1	f81v	F027	1	gemeinsames zweireihiges Figuren-/Beckenfeld	qolchedy	MC028	OL	WEITER_GLEICHER_FORTGANG	weiterführen; Schluss	weiterführen; Schluss	TERMINAL
E128	B1-S006	B1	f81v	F028	2	gemeinsames zweireihiges Figuren-/Beckenfeld	shckhy	MC035	Y	DIES_AKTUELLER_POSTEN	durchleiten	durchleiten	NONCLOSE
E130	B1-S006	B1	f81v	F028	4	gemeinsames zweireihiges Figuren-/Beckenfeld	ral	MC056	AL	ZU_ZIEL	Zielmarke	Zielmarke	NONCLOSE
E132	B1-S008	B1	f81v	F030	1	gemeinsames zweireihiges Figuren-/Beckenfeld	chey	MC123	Y	DIES_AKTUELLER_POSTEN	dies	dies	NONCLOSE
E133	B1-S008	B1	f81v	F030	2	gemeinsames zweireihiges Figuren-/Beckenfeld	ol	MC153	OL	WEITER_GLEICHER_FORTGANG	weiter	weiter	NONCLOSE
E134	B1-S008	B1	f81v	F030	3	gemeinsames zweireihiges Figuren-/Beckenfeld	cheky	MC147	Y	DIES_AKTUELLER_POSTEN	kurz wärmen	kurz wärmen	NONCLOSE
E135	B1-S008	B1	f81v	F030	4	gemeinsames zweireihiges Figuren-/Beckenfeld	ol	MC153	OL	WEITER_GLEICHER_FORTGANG	weiter	weiter	NONCLOSE
E139	B1-S011	B1	f81v	F033	1	gemeinsames zweireihiges Figuren-/Beckenfeld	chckhy	MC035	Y	DIES_AKTUELLER_POSTEN	durchleiten	durchleiten	NONCLOSE
E140	B1-S011	B1	f81v	F033	2	gemeinsames zweireihiges Figuren-/Beckenfeld	qoky	MC026	Y	DIES_AKTUELLER_POSTEN	einsetzen	einsetzen	NONCLOSE
E142	B1-S012	B1	f81v	F034	2	gemeinsames zweireihiges Figuren-/Beckenfeld	qokey	MC007	Y	DIES_AKTUELLER_POSTEN	KURZ_SETZEN	kurz einwirken lassen	NONCLOSE
E145	B1-S014	B1	f81v	F036	1	gemeinsames zweireihiges Figuren-/Beckenfeld	chedy	MC074	Y	DIES_AKTUELLER_POSTEN	überführen	überführen	NONCLOSE
E146	B1-S014	B1	f81v	F036	2	gemeinsames zweireihiges Figuren-/Beckenfeld	qolky	MC134	OL	WEITER_GLEICHER_FORTGANG	Weiterweg	Weiterweg	NONCLOSE
E147	B1-S014	B1	f81v	F036	3	gemeinsames zweireihiges Figuren-/Beckenfeld	lchedal	MC051	AL	ZU_ZIEL	Zielabführung	Zielabführung	NONCLOSE
E148	B1-S014	B1	f81v	F036	4	gemeinsames zweireihiges Figuren-/Beckenfeld	qol	MC153	OL	WEITER_GLEICHER_FORTGANG	weiter	weiter	NONCLOSE
E149	B1-S014	B1	f81v	F036	5	gemeinsames zweireihiges Figuren-/Beckenfeld	otar	MC121	AR|OT	VON_QUELLE + DANACH_NAECHSTER	Folgequelle	Folgequelle	NONCLOSE
E152	B1-S016	B1	f81v	F038	1	gemeinsames zweireihiges Figuren-/Beckenfeld	qokal	MC040	AL	ZU_ZIEL	dorthin einsetzen	dorthin einsetzen	NONCLOSE
E153	B1-S016	B1	f81v	F038	2	gemeinsames zweireihiges Figuren-/Beckenfeld	okeey	MC002	Y	DIES_AKTUELLER_POSTEN	LAENGER_SETZEN_ODER_HALTEN	länger einwirken lassen	NONCLOSE
E154	B1-S016	B1	f81v	F038	3	gemeinsames zweireihiges Figuren-/Beckenfeld	qol	MC153	OL	WEITER_GLEICHER_FORTGANG	weiter	weiter	NONCLOSE
E156	B1-S017	B1	f81v	F039	1	gemeinsames zweireihiges Figuren-/Beckenfeld	sal	MC154	AL	ZU_ZIEL	dorthin	dorthin	NONCLOSE
E157	B1-S017	B1	f81v	F039	2	gemeinsames zweireihiges Figuren-/Beckenfeld	teol	MC106	OL	WEITER_GLEICHER_FORTGANG	kurz weiterführen	kurz weiterführen	NONCLOSE
E160	B1-S018	B1	f81v	F041	1	gemeinsames zweireihiges Figuren-/Beckenfeld	dsheol	MC076	OL	WEITER_GLEICHER_FORTGANG	Kurzhalt	Kurzhalt	NONCLOSE
E164	B1-S020	B1	f81v	F043	1	gemeinsames zweireihiges Figuren-/Beckenfeld	cheky	MC147	Y	DIES_AKTUELLER_POSTEN	kurz wärmen	kurz wärmen	NONCLOSE
E166	B1-S021	B1	f81v	F044	1	gemeinsames zweireihiges Figuren-/Beckenfeld	chal	MC154	AL	ZU_ZIEL	dorthin	dorthin	NONCLOSE
E168	B2-S002	B2	f82r	F046	1	obere Paarbecken-/Zylinderstation	qolchedy	MC028	OL	WEITER_GLEICHER_FORTGANG	weiterführen; Schluss	weiterführen; Schluss	TERMINAL
E170	B2-S003	B2	f82r	F047	2	obere Paarbecken-/Zylinderstation	dy	MC123	Y	DIES_AKTUELLER_POSTEN	dies	dies	NONCLOSE
E172	B2-S004	B2	f82r	F048	1	obere Paarbecken-/Zylinderstation	qokal	MC040	AL	ZU_ZIEL	dorthin einsetzen	dorthin einsetzen	NONCLOSE
E173	B2-S004	B2	f82r	F048	2	obere Paarbecken-/Zylinderstation	lcheckhy	MC168	Y	DIES_AKTUELLER_POSTEN	Abführpassage	Abführpassage	NONCLOSE
E175	B2-S004	B2	f82r	F049	1	obere Paarbecken-/Zylinderstation	qokeey	MC002	Y	DIES_AKTUELLER_POSTEN	LAENGER_SETZEN_ODER_HALTEN	länger einwirken lassen	NONCLOSE
E177	B2-S005	B2	f82r	F050	1	obere Paarbecken-/Zylinderstation	qokaly	MC054	AL|Y	ZU_ZIEL + DIES_AKTUELLER_POSTEN	Zieleinsatz	Zieleinsatz	NONCLOSE
E179	B2-S005	B2	f82r	F050	3	obere Paarbecken-/Zylinderstation	chckhy	MC035	Y	DIES_AKTUELLER_POSTEN	durchleiten	durchleiten	NONCLOSE
E182	B2-S005	B2	f82r	F051	2	obere Paarbecken-/Zylinderstation	octheol	MC112	OL	WEITER_GLEICHER_FORTGANG	Fortsetzung vorbereiten	Fortsetzung vorbereiten	NONCLOSE
E183	B2-S005	B2	f82r	F051	3	obere Paarbecken-/Zylinderstation	chkeey	MC166	Y	DIES_AKTUELLER_POSTEN	Langwärmen	Langwärmen	NONCLOSE
E185	B2-S006	B2	f82r	F052	1	obere Paarbecken-/Zylinderstation	oteey	MC063	OT|Y	DANACH_NAECHSTER + DIES_AKTUELLER_POSTEN	Langfolge	Langfolge	NONCLOSE
E186	B2-S006	B2	f82r	F052	2	obere Paarbecken-/Zylinderstation	qokal	MC040	AL	ZU_ZIEL	dorthin einsetzen	dorthin einsetzen	NONCLOSE
E187	B2-S006	B2	f82r	F052	3	obere Paarbecken-/Zylinderstation	sheckhy	MC132	Y	DIES_AKTUELLER_POSTEN	Kurzpassage	Kurzpassage	NONCLOSE
E188	B2-S006	B2	f82r	F052	4	obere Paarbecken-/Zylinderstation	qoky	MC026	Y	DIES_AKTUELLER_POSTEN	einsetzen	einsetzen	NONCLOSE
E190	B2-S008	B2	f82r	F054	1	mittlere linke Geräte-/Inline-Knotenstation	sotaiin	MC060	OT	DANACH_NAECHSTER	Folgemaß	Folgemaß	NONCLOSE
E191	B2-S008	B2	f82r	F054	2	mittlere linke Geräte-/Inline-Knotenstation	qokar	MC044	AR	VON_QUELLE	Quelleinsatz	Quelleinsatz	NONCLOSE
E193	B2-S009	B2	f82r	F055	1	mittlere linke Geräte-/Inline-Knotenstation	solshedy	MC149	OL	WEITER_GLEICHER_FORTGANG	Folgeabsetzen; Schluss	Folgeabsetzen; Schluss	TERMINAL
E194	B2-S010	B2	f82r	F056	1	mittlere linke Geräte-/Inline-Knotenstation	qokeey	MC002	Y	DIES_AKTUELLER_POSTEN	LAENGER_SETZEN_ODER_HALTEN	länger einwirken lassen	NONCLOSE
E195	B2-S010	B2	f82r	F056	2	mittlere linke Geräte-/Inline-Knotenstation	qoky	MC026	Y	DIES_AKTUELLER_POSTEN	einsetzen	einsetzen	NONCLOSE
E199	B2-S011	B2	f82r	F057	2	ungelöste mittlere rechte Linie-/Liegepodeststation	char	MC055	AR	VON_QUELLE	davon	davon	NONCLOSE
E202	B2-S012	B2	f82r	F058	1	ungelöste mittlere rechte Linie-/Liegepodeststation	lchy	MC008	Y	DIES_AKTUELLER_POSTEN	Abführgut	Abführgut	NONCLOSE
E204	B2-S012	B2	f82r	F059	2	unteres grünes Mehrfigurenfeld	qcthey	MC073	Y	DIES_AKTUELLER_POSTEN	kurz vorbereiten	kurz vorbereiten	NONCLOSE
E205	B2-S012	B2	f82r	F059	3	unteres grünes Mehrfigurenfeld	qokeey	MC002	Y	DIES_AKTUELLER_POSTEN	LAENGER_SETZEN_ODER_HALTEN	länger einwirken lassen	NONCLOSE
E208	B2-S012	B2	f82r	F059	6	unteres grünes Mehrfigurenfeld	chey	MC123	Y	DIES_AKTUELLER_POSTEN	dies	dies	NONCLOSE
E211	B2-S014	B2	f82r	F061	1	unteres grünes Mehrfigurenfeld	lar	MC029	AR	VON_QUELLE	Quellabzug	Quellabzug	NONCLOSE
E214	B2-S016	B2	f82r	F063	1	lokale Randstationen des unteren Feldes	cheal	MC154	AL	ZU_ZIEL	dorthin	dorthin	NONCLOSE
E215	B2-S016	B2	f82r	F063	2	lokale Randstationen des unteren Feldes	lchedar	MC011	AR	VON_QUELLE	Quellabführung	Quellabführung	NONCLOSE
E218	B2-S016	B2	f82r	F063	5	lokale Randstationen des unteren Feldes	oteey	MC063	OT|Y	DANACH_NAECHSTER + DIES_AKTUELLER_POSTEN	Langfolge	Langfolge	NONCLOSE
E220	B2-S016	B2	f82r	F063	7	lokale Randstationen des unteren Feldes	okey	MC007	Y	DIES_AKTUELLER_POSTEN	KURZ_SETZEN	kurz einwirken lassen	NONCLOSE
E222	B2-S017	B2	f82r	F065	1	lokale Randstationen des unteren Feldes	rsheal	MC102	AL	ZU_ZIEL	Kurzhalt am Ziel	Kurzhalt am Ziel	NONCLOSE
E223	B2-S017	B2	f82r	F065	2	lokale Randstationen des unteren Feldes	daldy	MC079	AL	ZU_ZIEL	Zielschluss	Zielschluss	TERMINAL
E226	B2-S020	B2	f82r	F068	1	lokale Randstationen des unteren Feldes	qoteedy	MC173	OT	DANACH_NAECHSTER	lange Folgestufe; Schluss	lange Folgestufe; Schluss	TERMINAL
E230	B3-S002	B3	f83r	F072	1	obere offene Fächer-Randstation	qotal	MC093	AL|OT	ZU_ZIEL + DANACH_NAECHSTER	danach dorthin	danach dorthin	NONCLOSE
E232	B3-S003	B3	f83r	F073	1	obere offene Fächer-Randstation	chey	MC123	Y	DIES_AKTUELLER_POSTEN	dies	dies	NONCLOSE
E234	B3-S003	B3	f83r	F073	3	obere offene Fächer-Randstation	chey	MC123	Y	DIES_AKTUELLER_POSTEN	dies	dies	NONCLOSE
E237	B3-S004	B3	f83r	F074	2	obere offene Fächer-Randstation	qotal	MC093	AL|OT	ZU_ZIEL + DANACH_NAECHSTER	danach dorthin	danach dorthin	NONCLOSE
E238	B3-S004	B3	f83r	F074	3	obere offene Fächer-Randstation	dar	MC055	AR	VON_QUELLE	davon	davon	NONCLOSE
E240	B3-S006	B3	f83r	F076	1	mittlere runde Gefäß-Randstation	chedchy	MC064	Y	DIES_AKTUELLER_POSTEN	Postentransfer	Postentransfer	NONCLOSE
E241	B3-S006	B3	f83r	F076	2	mittlere runde Gefäß-Randstation	qokal	MC040	AL	ZU_ZIEL	dorthin einsetzen	dorthin einsetzen	NONCLOSE
E242	B3-S006	B3	f83r	F076	3	mittlere runde Gefäß-Randstation	olchedy	MC028	OL	WEITER_GLEICHER_FORTGANG	weiterführen; Schluss	weiterführen; Schluss	TERMINAL
E244	B3-S007	B3	f83r	F077	2	mittlere runde Gefäß-Randstation	chedy	MC074	Y	DIES_AKTUELLER_POSTEN	überführen	überführen	NONCLOSE
E247	B3-S009	B3	f83r	F079	1	mittlere runde Gefäß-Randstation	qoky	MC026	Y	DIES_AKTUELLER_POSTEN	einsetzen	einsetzen	NONCLOSE
E248	B3-S010	B3	f83r	F080	1	untere korbartige Gefäß-Randstation	pchedal	MC126	AL	ZU_ZIEL	Zielzuführung	Zielzuführung	NONCLOSE
E249	B3-S010	B3	f83r	F080	2	untere korbartige Gefäß-Randstation	otedy	MC135	OT	DANACH_NAECHSTER	Kurzfolge; Schluss	Kurzfolge; Schluss	TERMINAL
E250	B3-S011	B3	f83r	F081	1	untere korbartige Gefäß-Randstation	shecthedchy	MC043	Y	DIES_AKTUELLER_POSTEN	Vorbereitungstransfer	Vorbereitungstransfer	NONCLOSE
E251	B3-S011	B3	f83r	F081	2	untere korbartige Gefäß-Randstation	qoky	MC026	Y	DIES_AKTUELLER_POSTEN	einsetzen	einsetzen	NONCLOSE
E252	B3-S011	B3	f83r	F081	3	untere korbartige Gefäß-Randstation	chedy	MC074	Y	DIES_AKTUELLER_POSTEN	überführen	überführen	NONCLOSE
E253	B3-S011	B3	f83r	F081	4	untere korbartige Gefäß-Randstation	chary	MC009	AR|Y	VON_QUELLE + DIES_AKTUELLER_POSTEN	Quellposten	Quellposten	NONCLOSE
E254	B3-S012	B3	f83r	F082	1	untere korbartige Gefäß-Randstation	sor	MC080	OR	ANSATZ_AKTIVER_SATZ	Ansatz	Ansatz	NONCLOSE
E258	B3-S013	B3	f83r	F083	3	untere korbartige Gefäß-Randstation	shcthey	MC073	Y	DIES_AKTUELLER_POSTEN	kurz vorbereiten	kurz vorbereiten	NONCLOSE
E268	B3-S020	B3	f83r	F091	1	ungelöster Zwischenposten zwischen Randstapel und Hauptpaar	dal	MC154	AL	ZU_ZIEL	dorthin	dorthin	NONCLOSE
E271	B3-S021	B3	f83r	F092	2	ungelöster Zwischenposten zwischen Randstapel und Hauptpaar	shcthy	MC161	Y	DIES_AKTUELLER_POSTEN	bereit	bereit	NONCLOSE
E272	B3-S021	B3	f83r	F092	3	ungelöster Zwischenposten zwischen Randstapel und Hauptpaar	dal	MC154	AL	ZU_ZIEL	dorthin	dorthin	NONCLOSE
E273	B3-S021	B3	f83r	F092	4	ungelöster Zwischenposten zwischen Randstapel und Hauptpaar	sy	MC123	Y	DIES_AKTUELLER_POSTEN	dies	dies	NONCLOSE
E275	B3-S021	B3	f83r	F093	2	ungelöster Zwischenposten zwischen Randstapel und Hauptpaar	shedal	MC113	AL	ZU_ZIEL	am Ziel absetzen	am Ziel absetzen	NONCLOSE
E276	B3-S021	B3	f83r	F093	3	ungelöster Zwischenposten zwischen Randstapel und Hauptpaar	shecthy	MC137	Y	DIES_AKTUELLER_POSTEN	Kurzvorbereitung	Kurzvorbereitung	NONCLOSE
E277	B3-S021	B3	f83r	F093	4	ungelöster Zwischenposten zwischen Randstapel und Hauptpaar	chey	MC123	Y	DIES_AKTUELLER_POSTEN	dies	dies	NONCLOSE
E278	B3-S021	B3	f83r	F093	5	ungelöster Zwischenposten zwischen Randstapel und Hauptpaar	tal	MC154	AL	ZU_ZIEL	dorthin	dorthin	NONCLOSE
E279	B3-S021	B3	f83r	F093	6	ungelöster Zwischenposten zwischen Randstapel und Hauptpaar	shcthy	MC161	Y	DIES_AKTUELLER_POSTEN	bereit	bereit	NONCLOSE
E280	B3-S021	B3	f83r	F093	7	ungelöster Zwischenposten zwischen Randstapel und Hauptpaar	dalchdy	MC031	AL	ZU_ZIEL	Zieltransfer; Schluss	Zieltransfer; Schluss	TERMINAL
E281	B3-S022	B3	f83r	F094	1	ungelöster Zwischenposten zwischen Randstapel und Hauptpaar	qotchedy	MC057	OT	DANACH_NAECHSTER	Folgetransfer; Schluss	Folgetransfer; Schluss	TERMINAL
E285	B3-S026	B3	f83r	F098	1	ungelöster Zwischenposten zwischen Randstapel und Hauptpaar	cheedar	MC042	AR	VON_QUELLE	Quelltransfer	Quelltransfer	NONCLOSE
E287	B3-S026	B3	f83r	F098	3	ungelöster Zwischenposten zwischen Randstapel und Hauptpaar	chedy	MC074	Y	DIES_AKTUELLER_POSTEN	überführen	überführen	NONCLOSE
E289	B3-S026	B3	f83r	F098	5	ungelöster Zwischenposten zwischen Randstapel und Hauptpaar	checthy	MC161	Y	DIES_AKTUELLER_POSTEN	bereit	bereit	NONCLOSE
E290	B3-S026	B3	f83r	F098	6	ungelöster Zwischenposten zwischen Randstapel und Hauptpaar	chealror	MC146	AL|OR	ZU_ZIEL + ANSATZ_AKTIVER_SATZ	Zielbereitung	Zielbereitung	NONCLOSE
E292	B3-S027	B3	f83r	F100	1	Hauptpaar am sichtbaren ungerichteten Bogen	qoteedy	MC173	OT	DANACH_NAECHSTER	lange Folgestufe; Schluss	lange Folgestufe; Schluss	TERMINAL
E293	B3-S028	B3	f83r	F101	1	Hauptpaar am sichtbaren ungerichteten Bogen	qokeey	MC002	Y	DIES_AKTUELLER_POSTEN	LAENGER_SETZEN_ODER_HALTEN	länger einwirken lassen	NONCLOSE
E295	B3-S029	B3	f83r	F102	1	Hauptpaar am sichtbaren ungerichteten Bogen	sol	MC153	OL	WEITER_GLEICHER_FORTGANG	weiter	weiter	NONCLOSE
E298	B3-S030	B3	f83r	F103	1	Hauptpaar am sichtbaren ungerichteten Bogen	qoky	MC026	Y	DIES_AKTUELLER_POSTEN	einsetzen	einsetzen	NONCLOSE
E301	B3-S030	B3	f83r	F104	2	Hauptpaar am sichtbaren ungerichteten Bogen	otchedy	MC057	OT	DANACH_NAECHSTER	Folgetransfer; Schluss	Folgetransfer; Schluss	TERMINAL
E304	B3-S032	B3	f83r	F106	2	Hauptpaar am sichtbaren ungerichteten Bogen	chedy	MC074	Y	DIES_AKTUELLER_POSTEN	überführen	überführen	NONCLOSE
E305	B3-S032	B3	f83r	F106	3	Hauptpaar am sichtbaren ungerichteten Bogen	qotedaiin	MC018	OT	DANACH_NAECHSTER	Kurzsoll	Kurzsoll	NONCLOSE
E306	B3-S032	B3	f83r	F106	4	Hauptpaar am sichtbaren ungerichteten Bogen	otaiin	MC060	OT	DANACH_NAECHSTER	Folgemaß	Folgemaß	NONCLOSE
E307	B3-S032	B3	f83r	F106	5	Hauptpaar am sichtbaren ungerichteten Bogen	otedy	MC135	OT	DANACH_NAECHSTER	Kurzfolge; Schluss	Kurzfolge; Schluss	TERMINAL
E310	B3-S034	B3	f83r	F108	2	Hauptpaar am sichtbaren ungerichteten Bogen	checthy	MC161	Y	DIES_AKTUELLER_POSTEN	bereit	bereit	NONCLOSE
E312	B3-S034	B3	f83r	F108	4	Hauptpaar am sichtbaren ungerichteten Bogen	otaiin	MC060	OT	DANACH_NAECHSTER	Folgemaß	Folgemaß	NONCLOSE
E313	B3-S034	B3	f83r	F108	5	Hauptpaar am sichtbaren ungerichteten Bogen	olsaly	MC078	AL|Y	ZU_ZIEL + DIES_AKTUELLER_POSTEN	Zwischenziel	Zwischenziel	NONCLOSE
E316	B4-S002	B4	f83r	F110	1	Hauptpaar am sichtbaren ungerichteten Bogen	qolchey	MC162	OL|Y	WEITER_GLEICHER_FORTGANG + DIES_AKTUELLER_POSTEN	Weiterposten	Weiterposten	NONCLOSE
E317	B4-S002	B4	f83r	F110	2	Hauptpaar am sichtbaren ungerichteten Bogen	qokeey	MC002	Y	DIES_AKTUELLER_POSTEN	LAENGER_SETZEN_ODER_HALTEN	länger einwirken lassen	NONCLOSE
E319	B4-S003	B4	f83r	F111	1	Hauptpaar am sichtbaren ungerichteten Bogen	chedy	MC074	Y	DIES_AKTUELLER_POSTEN	überführen	überführen	NONCLOSE
E320	B4-S003	B4	f83r	F111	2	Hauptpaar am sichtbaren ungerichteten Bogen	otal	MC093	AL|OT	ZU_ZIEL + DANACH_NAECHSTER	danach dorthin	danach dorthin	NONCLOSE
E321	B4-S003	B4	f83r	F112	1	Hauptpaar am sichtbaren ungerichteten Bogen	otchey	MC171	OT|Y	DANACH_NAECHSTER + DIES_AKTUELLER_POSTEN	das nächste	das nächste	NONCLOSE
E322	B4-S003	B4	f83r	F112	2	Hauptpaar am sichtbaren ungerichteten Bogen	qokeey	MC002	Y	DIES_AKTUELLER_POSTEN	LAENGER_SETZEN_ODER_HALTEN	länger einwirken lassen	NONCLOSE
E323	B4-S003	B4	f83r	F112	3	Hauptpaar am sichtbaren ungerichteten Bogen	qoky	MC026	Y	DIES_AKTUELLER_POSTEN	einsetzen	einsetzen	NONCLOSE
E324	B4-S003	B4	f83r	F112	4	Hauptpaar am sichtbaren ungerichteten Bogen	tol	MC153	OL	WEITER_GLEICHER_FORTGANG	weiter	weiter	NONCLOSE
E326	B4-S004	B4	f83r	F113	1	Hauptpaar am sichtbaren ungerichteten Bogen	qokylddy	MC164	Y	DIES_AKTUELLER_POSTEN	befestigen; Schluss	befestigen; Schluss	TERMINAL
E328	B4-S005	B4	f83r	F114	2	Hauptpaar am sichtbaren ungerichteten Bogen	chedy	MC074	Y	DIES_AKTUELLER_POSTEN	überführen	überführen	NONCLOSE
E333	B4-S008	B4	f83r	F117	2	Hauptpaar am sichtbaren ungerichteten Bogen	cheeky	MC032	Y	DIES_AKTUELLER_POSTEN	länger bearbeiten	länger bearbeiten	NONCLOSE
E334	B4-S008	B4	f83r	F117	3	Hauptpaar am sichtbaren ungerichteten Bogen	sheey	MC095	Y	DIES_AKTUELLER_POSTEN	Langhalt	Langhalt	NONCLOSE
E337	B4-S010	B4	f83r	F119	1	Hauptpaar am sichtbaren ungerichteten Bogen	oldy	MC019	OL	WEITER_GLEICHER_FORTGANG	fertig	fertig	TERMINAL
E339	B4-S011	B4	f83r	F120	2	linke offene Fransen-/Unterlaufstation	cheky	MC147	Y	DIES_AKTUELLER_POSTEN	kurz wärmen	kurz wärmen	NONCLOSE
E340	B4-S011	B4	f83r	F120	3	linke offene Fransen-/Unterlaufstation	okeeol	MC150	OL	WEITER_GLEICHER_FORTGANG	Langfortsetzung	Langfortsetzung	NONCLOSE
E342	B4-S011	B4	f83r	F120	5	linke offene Fransen-/Unterlaufstation	chdy	MC074	Y	DIES_AKTUELLER_POSTEN	überführen	überführen	NONCLOSE
E343	B4-S011	B4	f83r	F121	1	linke offene Fransen-/Unterlaufstation	sol	MC153	OL	WEITER_GLEICHER_FORTGANG	weiter	weiter	NONCLOSE
E346	B4-S013	B4	f83r	F123	1	linke offene Fransen-/Unterlaufstation	qokol	MC024	OL	WEITER_GLEICHER_FORTGANG	Weiter einsetzen	Weiter einsetzen	NONCLOSE
E348	B4-S014	B4	f83r	F124	1	linke offene Fransen-/Unterlaufstation	or	MC080	OR	ANSATZ_AKTIVER_SATZ	Ansatz	Ansatz	NONCLOSE
E349	B4-S014	B4	f83r	F124	2	linke offene Fransen-/Unterlaufstation	chey	MC123	Y	DIES_AKTUELLER_POSTEN	dies	dies	NONCLOSE
E350	B4-S014	B4	f83r	F124	3	linke offene Fransen-/Unterlaufstation	qockhey	MC165	Y	DIES_AKTUELLER_POSTEN	Kurzdurchgang	Kurzdurchgang	NONCLOSE
E351	B4-S014	B4	f83r	F124	4	linke offene Fransen-/Unterlaufstation	dairydy	MC091	Y	DIES_AKTUELLER_POSTEN	Laufschluss	Laufschluss	TERMINAL
E355	B4-S015	B4	f83r	F125	4	linke offene Fransen-/Unterlaufstation	chckhal	MC022	AL	ZU_ZIEL	Zielpassage	Zielpassage	NONCLOSE
E356	B4-S015	B4	f83r	F126	1	rechte S-Lauf-/Mehrarmknotenstation	solkey	MC050	Y	DIES_AKTUELLER_POSTEN	Kurzsammlung	Kurzsammlung	NONCLOSE
E358	B4-S016	B4	f83r	F127	1	rechte S-Lauf-/Mehrarmknotenstation	qolkain	MC097	OL	WEITER_GLEICHER_FORTGANG	weiterer Anteil	weiterer Anteil	NONCLOSE
E359	B4-S016	B4	f83r	F127	2	rechte S-Lauf-/Mehrarmknotenstation	dal	MC154	AL	ZU_ZIEL	dorthin	dorthin	NONCLOSE
E360	B4-S016	B4	f83r	F128	1	rechte S-Lauf-/Mehrarmknotenstation	skar	MC089	AR	VON_QUELLE	Quellausguss	Quellausguss	NONCLOSE
E362	B5-S001	B5	f83r	F129	1	linker offener Fransen-Endposten	otchdy	MC067	OT	DANACH_NAECHSTER	Nachtransfer; Schluss	Nachtransfer; Schluss	TERMINAL
E364	B5-S003	B5	f83r	F131	1	linker offener Fransen-Endposten	shedal	MC113	AL	ZU_ZIEL	am Ziel absetzen	am Ziel absetzen	NONCLOSE
E365	B5-S003	B5	f83r	F132	1	linker offener Fransen-Endposten	dal	MC154	AL	ZU_ZIEL	dorthin	dorthin	NONCLOSE
E366	B5-S003	B5	f83r	F132	2	linker offener Fransen-Endposten	cheol	MC153	OL	WEITER_GLEICHER_FORTGANG	weiter	weiter	NONCLOSE
E367	B5-S003	B5	f83r	F132	3	linker offener Fransen-Endposten	lol	MC092	OL	WEITER_GLEICHER_FORTGANG	Weiterabzug	Weiterabzug	NONCLOSE
E368	B5-S003	B5	f83r	F132	4	linker offener Fransen-Endposten	chdal	MC001	AL	ZU_ZIEL	Zieltransfer	Zieltransfer	NONCLOSE
E370	B5-S003	B5	f83r	F133	1	linker offener Fransen-Endposten	sol	MC153	OL	WEITER_GLEICHER_FORTGANG	weiter	weiter	NONCLOSE
E372	B5-S003	B5	f83r	F133	3	linker offener Fransen-Endposten	chedy	MC074	Y	DIES_AKTUELLER_POSTEN	überführen	überführen	NONCLOSE
E373	B6-S001	B6	f83r	F134	1	rechter S-Lauf-/Mehrarm-Endposten	solkeey	MC020	Y	DIES_AKTUELLER_POSTEN	Langsammlung	Langsammlung	NONCLOSE
E375	B6-S001	B6	f83r	F134	3	rechter S-Lauf-/Mehrarm-Endposten	raly	MC046	AL|Y	ZU_ZIEL + DIES_AKTUELLER_POSTEN	Endposten	Endposten	NONCLOSE
E376	B6-S001	B6	f83r	F134	4	rechter S-Lauf-/Mehrarm-Endposten	ol	MC153	OL	WEITER_GLEICHER_FORTGANG	weiter	weiter	NONCLOSE
E378	B6-S001	B6	f83r	F135	2	rechter S-Lauf-/Mehrarm-Endposten	ol	MC153	OL	WEITER_GLEICHER_FORTGANG	weiter	weiter	NONCLOSE
E380	B6-S001	B6	f83r	F135	4	rechter S-Lauf-/Mehrarm-Endposten	chey	MC123	Y	DIES_AKTUELLER_POSTEN	dies	dies	NONCLOSE
E381	B6-S001	B6	f83r	F135	5	rechter S-Lauf-/Mehrarm-Endposten	ldalor	MC101	AL	ZU_ZIEL	Endziel	Endziel	NONCLOSE
